# Nav/Pose Data File
start_time: 2024-07-10T233214.736
 
     gps:
       timestamp: 1720653091.111125
       status: NO FIX
       service: GPS
       latitude: 0.000000
       longitude: 0.000000
       altitude: 0.000000
     odometry:
       timestamp: 1720654334.350502
       source_frame: odom
       position:
          x: 0.229121
          y: -0.566764
          z: 0.029259
       orientation:
          quaternion_x: -0.050525
          quaternion_y: 0.108435
          quaternion_z: 0.191189
          quaternion_w: 0.974236
       linear_velocity:
          x: 0.000000
          y: 0.000000
          z: 0.000000
       angular_velocity:
          x: 0.000000
          y: 0.000000
          z: 0.000000
     heading:
       timestamp: 1720653091.111125
       deg: 0.000000
       ref: magnetic
