# Nav/Pose Data File
start_time: 2024-07-10T233745.525
 
     gps:
       timestamp: 1720653091.111125
       status: NO FIX
       service: GPS
       latitude: 0.000000
       longitude: 0.000000
       altitude: 0.000000
     odometry:
       timestamp: 1720654665.304280
       source_frame: odom
       position:
          x: -0.119038
          y: -0.336004
          z: -0.241010
       orientation:
          quaternion_x: 0.028448
          quaternion_y: -0.110151
          quaternion_z: 0.227934
          quaternion_w: 0.967008
       linear_velocity:
          x: 0.000000
          y: 0.000000
          z: 0.000000
       angular_velocity:
          x: 0.000000
          y: 0.000000
          z: 0.000000
     heading:
       timestamp: 1720653091.111125
       deg: 0.000000
       ref: magnetic
