# Nav/Pose Data File
start_time: 2024-07-10T231914.103
 
     gps:
       timestamp: 1720653091.111125
       status: NO FIX
       service: GPS
       latitude: 0.000000
       longitude: 0.000000
       altitude: 0.000000
     odometry:
       timestamp: 1720653553.836545
       source_frame: odom
       position:
          x: 0.002027
          y: 0.003950
          z: 0.018096
       orientation:
          quaternion_x: -0.067490
          quaternion_y: -0.163181
          quaternion_z: 0.119808
          quaternion_w: 0.976966
       linear_velocity:
          x: 0.000000
          y: 0.000000
          z: 0.000000
       angular_velocity:
          x: 0.000000
          y: 0.000000
          z: 0.000000
     heading:
       timestamp: 1720653091.111125
       deg: 0.000000
       ref: magnetic
