# Nav/Pose Data File
start_time: 2024-07-10T232625.396
 
     gps:
       timestamp: 1720653091.111125
       status: NO FIX
       service: GPS
       latitude: 0.000000
       longitude: 0.000000
       altitude: 0.000000
     odometry:
       timestamp: 1720653985.129282
       source_frame: odom
       position:
          x: 0.161860
          y: 0.075755
          z: 0.003266
       orientation:
          quaternion_x: -0.011287
          quaternion_y: -0.070752
          quaternion_z: 0.150587
          quaternion_w: 0.985997
       linear_velocity:
          x: 0.000000
          y: 0.000000
          z: 0.000000
       angular_velocity:
          x: 0.000000
          y: 0.000000
          z: 0.000000
     heading:
       timestamp: 1720653091.111125
       deg: 0.000000
       ref: magnetic
