# Nav/Pose Data File
start_time: 2024-07-10T232329.265
 
     gps:
       timestamp: 1720653091.111125
       status: NO FIX
       service: GPS
       latitude: 0.000000
       longitude: 0.000000
       altitude: 0.000000
     odometry:
       timestamp: 1720653808.985459
       source_frame: odom
       position:
          x: 0.031009
          y: -0.000806
          z: -0.240610
       orientation:
          quaternion_x: -0.009929
          quaternion_y: -0.107563
          quaternion_z: 0.144750
          quaternion_w: 0.983554
       linear_velocity:
          x: 0.000000
          y: 0.000000
          z: 0.000000
       angular_velocity:
          x: 0.000000
          y: 0.000000
          z: 0.000000
     heading:
       timestamp: 1720653091.111125
       deg: 0.000000
       ref: magnetic
