# Nav/Pose Data File
start_time: 2024-07-10T233436.006
 
     gps:
       timestamp: 1720653091.111125
       status: NO FIX
       service: GPS
       latitude: 0.000000
       longitude: 0.000000
       altitude: 0.000000
     odometry:
       timestamp: 1720654475.692880
       source_frame: odom
       position:
          x: 0.205878
          y: -0.581512
          z: 0.045988
       orientation:
          quaternion_x: -0.014448
          quaternion_y: -0.038699
          quaternion_z: 0.286987
          quaternion_w: 0.957043
       linear_velocity:
          x: 0.000000
          y: 0.000000
          z: 0.000000
       angular_velocity:
          x: 0.000000
          y: 0.000000
          z: 0.000000
     heading:
       timestamp: 1720653091.111125
       deg: 0.000000
       ref: magnetic
