# Nav/Pose Data File
start_time: 2024-07-10T233609.537
 
     gps:
       timestamp: 1720653091.111125
       status: NO FIX
       service: GPS
       latitude: 0.000000
       longitude: 0.000000
       altitude: 0.000000
     odometry:
       timestamp: 1720654569.231566
       source_frame: odom
       position:
          x: 0.208409
          y: -0.592114
          z: -0.193304
       orientation:
          quaternion_x: -0.013702
          quaternion_y: -0.049831
          quaternion_z: 0.234318
          quaternion_w: 0.970785
       linear_velocity:
          x: 0.000000
          y: 0.000000
          z: 0.000000
       angular_velocity:
          x: 0.000000
          y: 0.000000
          z: 0.000000
     heading:
       timestamp: 1720653091.111125
       deg: 0.000000
       ref: magnetic
