# Nav/Pose Data File
start_time: 2024-07-10T232158.016
 
     gps:
       timestamp: 1720653091.111125
       status: NO FIX
       service: GPS
       latitude: 0.000000
       longitude: 0.000000
       altitude: 0.000000
     odometry:
       timestamp: 1720653717.646204
       source_frame: odom
       position:
          x: 0.011148
          y: -0.001635
          z: 0.011240
       orientation:
          quaternion_x: -0.017335
          quaternion_y: -0.067133
          quaternion_z: 0.074537
          quaternion_w: 0.994805
       linear_velocity:
          x: 0.000000
          y: 0.000000
          z: 0.000000
       angular_velocity:
          x: 0.000000
          y: 0.000000
          z: 0.000000
     heading:
       timestamp: 1720653091.111125
       deg: 0.000000
       ref: magnetic
