# Nav/Pose Data File
start_time: 2024-07-10T232952.417
 
     gps:
       timestamp: 1720653091.111125
       status: NO FIX
       service: GPS
       latitude: 0.000000
       longitude: 0.000000
       altitude: 0.000000
     odometry:
       timestamp: 1720654192.275171
       source_frame: odom
       position:
          x: 0.197961
          y: -0.566822
          z: -0.004134
       orientation:
          quaternion_x: 0.235592
          quaternion_y: -0.004287
          quaternion_z: 0.166060
          quaternion_w: 0.957550
       linear_velocity:
          x: 0.000000
          y: 0.000000
          z: 0.000000
       angular_velocity:
          x: 0.000000
          y: 0.000000
          z: 0.000000
     heading:
       timestamp: 1720653091.111125
       deg: 0.000000
       ref: magnetic
