# Nav/Pose Data File
start_time: 2024-07-10T231727.472
 
     gps:
       timestamp: 1720653091.111125
       status: NO FIX
       service: GPS
       latitude: 0.000000
       longitude: 0.000000
       altitude: 0.000000
     odometry:
       timestamp: 1720653447.229635
       source_frame: odom
       position:
          x: 0.015035
          y: 0.011726
          z: 0.048279
       orientation:
          quaternion_x: -0.341135
          quaternion_y: -0.113332
          quaternion_z: 0.076356
          quaternion_w: 0.930028
       linear_velocity:
          x: 0.000000
          y: 0.000000
          z: 0.000000
       angular_velocity:
          x: 0.000000
          y: 0.000000
          z: 0.000000
     heading:
       timestamp: 1720653091.111125
       deg: 0.000000
       ref: magnetic
