# Nav/Pose Data File
start_time: 2024-07-10T231619.590
 
     gps:
       timestamp: 1720653091.111125
       status: NO FIX
       service: GPS
       latitude: 0.000000
       longitude: 0.000000
       altitude: 0.000000
     odometry:
       timestamp: 1720653379.292900
       source_frame: odom
       position:
          x: 0.019653
          y: 0.003910
          z: 0.012782
       orientation:
          quaternion_x: -0.072542
          quaternion_y: -0.088009
          quaternion_z: 0.080387
          quaternion_w: 0.990217
       linear_velocity:
          x: 0.000000
          y: 0.000000
          z: 0.000000
       angular_velocity:
          x: 0.000000
          y: 0.000000
          z: 0.000000
     heading:
       timestamp: 1720653091.111125
       deg: 0.000000
       ref: magnetic
